0.000488, 3.282, 0
0.0027436444444444443, 11.832, 2
0.8603413333333333, 183.065, 4
0.9862595555555556, 169.849, 6
0.9977902222222222, 170.465, 8
0.9997838222222222, 172.609, 10
0.9999594666666667, 174.034, 12
0.9999904, 176.206, 14
0.0011813333333333333, 5.109, 0)
0.4018848, 158.589, 2)
0.9927527111111111, 124.166, 4)
0.9996700444444444, 124.633, 6)
0.9999758222222223, 126.866, 8)
0.9999980444444444, 128.806, 10)
0.9999996444444444, 130.762, 12)
1.0, 132.829, 14)
0.0011813333333333333, 5.109, 0)
0.4018848, 158.589, 2)
0.9927527111111111, 124.166, 4)
0.9996700444444444, 124.633, 6)
0.9999758222222223, 126.866, 8)
0.9999980444444444, 128.806, 10)
0.9999996444444444, 130.762, 12)
1.0, 132.829, 14)
0.0061856, 12.325, 0)
0.9299504, 103.34, 2)
0.9995550222222223, 102.044, 4)
0.9999895111111111, 103.934, 6)
0.9999994666666666, 105.823, 8)
1.0, 107.883, 10)
1.0, 109.879, 12)
1.0, 111.878, 14)
0.28612302222222225, 99.999, 0)
0.9906545777777778, 88.976, 2)
0.9999713777777778, 90.172, 4)
0.9999996444444444, 92.167, 6)
1.0, 94.169, 8)
1.0, 96.171, 10)
1.0, 98.171, 12)
1.0, 100.171, 14)
